9223372036854775807
-17	-11	11	-3	15	5	-4	13	7	8	-16	-4	5	27	-5	-13	28	-16	-6	-13	
2034532088709120000	2034532088709120000
4	19	21	-17	-17	19	-18	2	-15	13	7	-5	-3	27	-20	22	
174411254581200	174411254581200
16	-1	21	22	15	-2	20	-17	6	20	-11	20	28	26	
1449096929280000	1449096929280000
17	20	-1	20	9	3	-6	14	-13	22	29	4	19	-18	-2	-16	20	
111990727360512000	111990727360512000
27	12	4	-5	4	9	23	-5	21	16	-7	19	-18	-18	11	4	25	-10	
4272715348070400000	4272715348070400000
-11	27	-14	-17	28	12	24	-20	-18	28	
522338181120	522338181120
21	
21	21
5	-2	-7	29	27	-14	-6	20	22	9	12	27	14	-7	1	9	4	0	
2084048687508480	2084048687508480
1	9	24	-1	-7	20	2	-4	21	-6	-13	
30481920	30481920
19	5	-19	19	5	-10	-15	-3	-18	
77163750	77163750
29	29	1	-7	2	-20	
235480	235480
25	22	-8	6	16	13	21	9	-15	-11	0	2	-3	-12	-9	24	-8	-20	1	2	
15567552000	15567552000
19	6	23	20	8	-6	-15	-20	-4	24	27	-12	-14	5	27	22	-3	
976620650987520000	976620650987520000
29	6	28	1	25	-12	13	22	2	
121800	121800
-7	24	23	-16	1	18	25	29	-16	-20	-19	0	27	-19	11	-15	
700766208000	700766208000
10	27	25	-12	27	4	-12	0	1	-4	-17	-5	19	21	11	15	14	15	-12	
56407428000	56407428000
12	-11	7	15	
105	105
-20	12	-6	13	
18720	18720
22	-7	17	20	3	16	-4	11	-14	17	29	-8	-15	20	-17	16	8	19	
3986012345204736000	3986012345204736000
16	-6	
16	16
28	24	21	-9	24	3	5	
14112	14112
-8	-1	24	-19	-9	-3	17	7	-20	26	
6094932480	6094932480
-19	-12	2	24	-7	-12	2	-18	
1838592	1838592
-10	-3	17	-12	-9	10	-1	-13	-15	26	16	-2	
89361792000	89361792000
12	1	9	-19	-11	-13	-19	
5575284	5575284
6	-16	-5	28	28	8	-12	2	10	19	13	27	9	21	-10	-11	
9107119816704000	9107119816704000
-3	-3	-11	-15	15	7	17	-12	-13	18	-3	-4	21	4	
7502781686400	7502781686400
26	19	20	
9880	9880
-3	-20	-1	-20	21	-16	29	
3897600	3897600
27	
27	27
12	
12	12
9	-19	2	15	18	-19	4	26	-12	-7	-6	
15326962560	15326962560
-14	20	-2	-16	10	-10	-19	
1216000	1216000
-10	2	29	-18	8	29	4	5	-11	-12	18	18	-11	-10	5	27	-9	-20	24	2	
7559439720501477376	5537788682342400000
